function a= triangulo()
a = [
   134     3
   133     4
   132     5
   131     6
   130     7
   129     8
   128     9
   128    10
   127    11
   126    12
   125    13
   124    14
   123    15
   122    16
   121    17
   120    18
   119    19
   118    20
   117    21
   116    22
   115    23
   115    24
   114    25
   113    26
   112    27
   111    28
   110    29
   109    30
   108    31
   107    32
   106    33
   105    34
   104    35
   103    36
   103    37
   102    38
   101    39
   100    40
    99    41
    98    42
    97    43
    96    44
    95    45
    94    46
    93    47
    92    48
    91    49
    90    50
    90    51
    89    52
    88    53
    87    54
    86    55
    85    56
    84    57
    83    58
    82    59
    81    60
    80    61
    79    62
    78    63
    77    64
    77    65
    76    66
    75    67
    74    68
    73    69
    72    70
    71    71
    70    72
    69    73
    68    74
    67    75
    66    76
    65    77
    65    78
    64    79
    63    80
    62    81
    61    82
    60    83
    59    84
    58    85
    57    86
    56    87
    55    88
    54    89
    53    90
    52    91
    52    92
    51    93
    50    94
    49    95
    48    96
    47    97
    46    98
    45    99
    44   100
    43   101
    42   102
    41   103
    40   104
    40   105
    39   106
    38   107
    37   108
    36   109
    35   110
    34   111
    33   112
    32   113
    31   114
    30   115
    29   116
    28   117
    27   118
    27   119
    26   120
    25   121
    24   122
    23   123
    22   124
    21   125
    21   126
    21   127
    21   128
    21   129
    21   130
    21   131
    21   132
    21   133
    21   134
    21   135
    21   136
    21   137
    21   138
    22   139
    23   140
    24   141
    25   142
    26   143
    27   144
    28   145
    29   146
    30   147
    31   148
    32   149
    33   150
    34   151
    35   152
    36   153
    37   154
    38   155
    39   156
    40   157
    41   158
    42   159
    43   160
    44   160
    45   161
    46   162
    47   163
    48   164
    49   165
    50   166
    51   167
    52   168
    53   169
    54   170
    55   171
    56   172
    57   173
    58   174
    59   175
    60   176
    61   177
    62   178
    63   179
    64   180
    65   181
    66   182
    67   182
    68   182
    69   182
    70   182
    71   182
    72   182
    73   182
    74   182
    75   182
    76   182
    77   182
    78   182
    79   182
    79   181
    80   180
    80   179
    81   178
    81   177
    81   176
    82   175
    82   174
    83   173
    83   172
    84   171
    84   170
    84   169
    85   168
    85   167
    86   166
    86   165
    86   164
    87   163
    87   162
    88   161
    88   160
    88   159
    89   158
    89   157
    90   156
    90   155
    90   154
    91   153
    91   152
    92   151
    92   150
    93   149
    93   148
    93   147
    94   146
    94   145
    95   144
    95   143
    95   142
    96   141
    96   140
    97   139
    97   138
    97   137
    98   136
    98   135
    99   134
    99   133
    99   132
   100   131
   100   130
   101   129
   101   128
   102   127
   102   126
   102   125
   103   124
   103   123
   104   122
   104   121
   104   120
   105   119
   105   118
   106   117
   106   116
   106   115
   107   114
   107   113
   108   112
   108   111
   108   110
   109   109
   109   108
   110   107
   110   106
   111   105
   111   104
   111   103
   112   102
   112   101
   113   100
   113    99
   113    98
   114    97
   114    96
   115    95
   115    94
   115    93
   116    92
   116    91
   117    90
   117    89
   118    88
   118    87
   118    86
   119    85
   119    84
   120    83
   120    82
   120    81
   121    80
   121    79
   122    78
   122    77
   122    76
   123    75
   123    74
   124    73
   124    72
   124    71
   125    70
   125    69
   126    68
   126    67
   127    66
   127    65
   127    64
   128    63
   128    62
   129    61
   129    60
   129    59
   130    58
   130    57
   131    56
   131    55
   131    54
   132    53
   132    52
   133    51
   133    50
   133    49
   134    48
   134    47
   135    46
   135    45
   136    44
   136    43
   136    42
   137    41
   137    40
   138    39
   138    38
   138    37
   139    36
   139    35
   140    34
   140    33
   140    32
   141    31
   141    30
   142    29
   142    28
   142    27
   143    26
   143    25
   144    24
   144    23
   145    22
   145    21
   145    20
   146    19
   146    18
   147    17
   147    16
   147    15
   147    14
   147    13
   147    12
   147    11
   147    10
   147     9
   147     8
   147     7
   147     6
   147     5
   147     4
   147     3
   146     3
   145     3
   144     3
   143     3
   142     3
   141     3
   140     3
   139     3
   138     3
   137     3
   136     3
   135     3
   134     3];